INFO: 2024-12-15 01:15:50,113: Data
INFO: 2024-12-15 01:15:50,114: Data shape (110527, 14)
INFO: 2024-12-15 01:15:50,131: Percentage of women: 0.653882342398853
INFO: 2024-12-15 01:15:50,149: Percentage of men: 0.346117657601147
ERROR: 2024-12-15 01:16:54,214: Data shape is incorrect!
